0	29.6115
84.317	81.7497
168.634	133.884
252.951	195.381
337.268	238.642
421.585	249.561
505.902	253.294
590.219	237.428
674.536	209.454
758.853	185.532
843.17	162.499
927.487	143.329
1011.8	126.308
1096.12	110.277
1180.44	95.9705
1264.76	84.1468
1349.07	73.9352
1433.39	64.3654
1517.71	55.9181
1602.02	48.9821
1686.34	43.1344
1770.66	37.9852
1854.97	33.4902
1939.29	29.3813
2023.61	25.78
2107.93	22.8075
2192.24	20.2971
2276.56	18.0478
2360.88	16.0851
2445.19	14.3598
2529.51	12.8714
2613.83	11.6201
2698.15	10.5463
2782.46	9.55552
2866.78	8.64735
2951.1	7.75878
3035.41	6.93783
3119.73	6.24404
3204.05	5.6577
3288.36	5.19343
3372.68	4.79962
3457	4.35663
3541.32	3.9475
3625.63	3.71188
3709.95	3.54356
3794.27	3.26719
3878.58	2.98069
3962.9	2.82375
4047.22	2.71563
4131.54	2.55433
4215.85	2.35972
4300.17	2.09732
4384.49	1.82202
4468.8	1.65409
4553.12	1.54712
4637.44	1.45589
4721.75	1.39286
4806.07	1.35938
4890.39	1.34579
4974.71	1.37847
5059.02	1.43617
5143.34	1.35754
5227.66	1.16622
5311.97	1.03878
5396.29	0.93983
5480.61	0.88796
5564.92	0.861234
5649.24	0.806034
5733.56	0.736584
5817.88	0.646796
5902.19	0.566103
5986.51	0.564556
6070.83	0.576219
6155.14	0.628083
6239.46	0.707128
6323.78	0.651919
6408.1	0.496326
6492.41	0.389998
6576.73	0.319102
6661.05	0.318902
6745.36	0.330639
6829.68	0.344046
6914	0.356728
6998.31	0.352962
7082.63	0.337163
7166.95	0.318153
7251.27	0.294897
7335.58	0.264029
7419.9	0.23371
7504.22	0.241305
7588.53	0.264363
7672.85	0.250246
7757.17	0.210162
7841.49	0.201854
7925.8	0.199605
8010.12	0.218027
8094.44	0.263526
8178.75	0.241892
8263.07	0.168691
8347.39	0.142775
8431.7	0.133422
8516.02	0.126862
8600.34	0.123605
8684.66	0.119687
8768.97	0.115811
8853.29	0.112793
8937.61	0.11075
9021.92	0.114754
9106.24	0.126333
9190.56	0.119779
9274.87	0.0958107
9359.19	0.0889009
9443.51	0.0868423
9527.83	0.0984574
9612.14	0.133013
9696.46	0.134254
9780.78	0.117881
9865.09	0.0923161
9949.41	0.0610517
10033.7	0.0571715
10118	0.058641
10202.4	0.0676791
10286.7	0.0902837
10371	0.0918541
10455.3	0.0822273
10539.6	0.0662992
10623.9	0.0458151
10708.3	0.0439457
10792.6	0.0478818
10876.9	0.0461763
10961.2	0.0359105
11045.5	0.0266364
11129.8	0.0182363
11214.2	0.0219437
11298.5	0.0399045
11382.8	0.0403841
11467.1	0.0277992
11551.4	0.0194544
11635.8	0.0146249
11720.1	0.00909413
11804.4	0.00315836
11888.7	0.00404786
11973	0.0131058
12057.3	0.0204162
12141.7	0.0262814
12226	0.0365922
12310.3	0.0510426
12394.6	0.0503505
12478.9	0.0358229
12563.2	0.0344801
12647.6	0.0428048
12731.9	0.0441096
12816.2	0.0393843
12900.5	0.0288522
12984.8	0.0123015
13069.1	0.0071055
13153.5	0.00594508
13237.8	0.00630885
13322.1	0.00880665
13406.4	0.00897671
13490.7	0.00671161
13575	0.0082941
13659.4	0.019261
13743.7	0.0201012
13828	0.00863894
13912.3	0.00263836
13996.6	0.000582219
14080.9	0.00111222
14165.3	0.00682274
14249.6	0.0135145
14333.9	0.0213536
14418.2	0.0223184
14502.5	0.0161636
14586.8	0.00981267
14671.2	0.00339718
14755.5	0.000877711
14839.8	0.000129945
14924.1	4.94196e-06
15008.4	6.93277e-07
15092.8	1.22906e-09
15177.1	1.74309e-10
15261.4	1.34028e-14
15345.7	1.92689e-15
15430	1.44528e-16
15514.3	1.8408e-15
15598.7	1.92648e-11
15683	2.51564e-10
15767.3	1.13098e-07
15851.6	1.50735e-06
15935.9	3.26483e-05
16020.2	0.000397894
16104.6	0.00183344
16188.9	0.0078099
16273.2	0.00957826
16357.5	0.00708249
16441.8	0.00651289
16526.1	0.00945165
16610.5	0.0101989
16694.8	0.00665023
16779.1	0.00334266
16863.4	0.000799026
16947.7	5.32235e-05
17032	8.75404e-06
17116.4	4.20127e-08
17200.7	6.93992e-09
17285	3.21564e-10
17369.3	5.55439e-09
17453.6	6.80369e-07
17537.9	1.1958e-05
17622.3	9.41929e-05
17706.6	0.00114775
17790.9	0.00374254
17875.2	0.00916407
17959.5	0.010743
18043.8	0.0053201
18128.2	0.00151797
18212.5	0.000286354
18296.8	1.2244e-05
18381.1	2.19186e-06
18465.4	4.34206e-09
18549.7	7.83315e-10
18634.1	6.75082e-14
18718.4	1.23043e-14
18802.7	4.60104e-20
18887	8.4725e-21
18971.3	1.37934e-21
19055.7	3.48571e-20
19140	1.7832e-15
19224.3	4.70884e-14
19308.6	1.01036e-10
19392.9	2.78852e-09
19477.2	2.58436e-07
19561.6	7.24411e-06
19645.9	4.9539e-05
19730.2	0.00083937
19814.5	0.0028858
19898.8	0.00853138
19983.1	0.0109955
20067.5	0.00623485
20151.8	0.00201071
20236.1	0.00042137
20320.4	2.27322e-05
20404.7	1.81651e-05
20489	3.51407e-05
20573.4	0.000741235
20657.7	0.00260191
20742	0.00824712
20826.3	0.0110442
20910.6	0.00656991
20994.9	0.00221739
21079.3	0.000490648
21163.6	2.30071e-05
21247.9	4.84305e-06
21332.2	1.0485e-08
21416.5	2.22028e-09
21500.8	2.09481e-13
21585.2	4.47308e-14
21669.5	1.83468e-19
21753.8	3.95049e-20
21838.1	7.04394e-27
21922.4	1.52931e-27
22006.7	1.18552e-35
22091.1	2.59498e-36
22175.4	8.74658e-46
22259.7	1.93007e-46
22344	3.22144e-57
22428.3	7.11524e-57
22512.7	1.18716e-47
22597	1.26252e-45
22681.3	1.18915e-37
22765.6	1.42149e-35
22849.9	5.17542e-29
22934.2	7.0156e-27
23018.6	9.77397e-22
23102.9	1.51776e-19
23187.2	8.00145e-16
23271.5	1.43932e-13
23355.8	2.88091e-11
23440.1	5.98357e-09
23524.5	6.53004e-08
23608.8	1.0922e-05
23693.1	4.4097e-05
23777.4	0.000993243
23861.7	0.00327482
23946	0.00803905
24030.4	0.0110444
24114.7	0.00652846
24199	0.00165105
24283.3	0.000410708
24367.6	1.13246e-05
24451.9	2.75819e-06
24536.3	3.406e-09
24620.6	8.34315e-10
24704.9	4.49062e-14
24789.2	1.10754e-14
24873.5	2.59543e-20
24957.8	6.44494e-21
25042.2	6.57581e-28
25126.5	1.64395e-28
25210.8	7.30347e-37