0	558.406
159.878	671.556
319.757	757.788
479.635	821.715
639.513	849.746
799.392	821.87
959.27	774.054
1119.15	734.762
1279.03	697.714
1438.91	668.132
1598.78	640.691
1758.66	610.826
1918.54	579.653
2078.42	546.261
2238.3	512.069
2398.18	478.29
2558.05	445.377
2717.93	414.423
2877.81	385.292
3037.69	358.264
3197.57	333.292
3357.45	310.597
3517.32	289.728
3677.2	270.122
3837.08	251.884
3996.96	234.834
4156.84	219.214
4316.72	205.536
4476.59	193.189
4636.47	181.522
4796.35	170.416
4956.23	159.163
5116.11	148.368
5275.99	138.768
5435.86	130.13
5595.74	122.574
5755.62	115.683
5915.5	108.675
6075.38	101.877
6235.26	95.4682
6395.13	89.4946
6555.01	84.1938
6714.89	79.3884
6874.77	74.859
7034.65	70.6244
7194.53	66.6104
7354.4	62.8225
7514.28	59.2443
7674.16	55.8505
7834.04	52.5462
7993.92	49.4113
8153.8	46.5665
8313.67	44.0059
8473.55	41.82
8633.43	39.9174
8793.31	38.1607
8953.19	36.512
9113.07	34.7692
9272.94	33.0252
9432.82	31.3877
9592.7	29.8582
9752.58	28.5344
9912.46	27.3384
10072.3	26.1121
10232.2	24.892
10392.1	23.6556
10552	22.4637
10711.8	21.4994
10871.7	20.6946
11031.6	19.9969
11191.5	19.3428
11351.4	18.4673
11511.2	17.4727
11671.1	16.4811
11831	15.539
11990.9	14.9215
12150.8	14.5125
12310.6	14.1179
12470.5	13.7234
12630.4	13.1128
12790.3	12.3812
12950.1	11.7218
13110	11.1273
13269.9	10.7257
13429.8	10.4579
13589.7	10.181
13749.5	9.9104
13909.4	9.59352
14069.3	9.26505
14229.2	9.04505
14389.1	8.90413
14548.9	8.81275
14708.8	8.74779
14868.7	8.55422
15028.6	8.2238
15188.4	7.80696
15348.3	7.31383
15508.2	6.82511
15668.1	6.34272
15828	5.93971
15987.8	5.60855
16147.7	5.38043
16307.6	5.23277
16467.5	5.06131
16627.3	4.87267
16787.2	4.61498
16947.1	4.30763
17107	4.03431
17266.9	3.7857
17426.7	3.55966
17586.6	3.3601
17746.5	3.22076
17906.4	3.13459
18066.3	3.08309
18226.1	3.05921
18386	2.98146
18545.9	2.86195
18705.8	2.75218
18865.6	2.65663
19025.5	2.64559
19185.4	2.6473
19345.3	2.63598
19505.2	2.56471
19665	2.40819
19824.9	2.15974
19984.8	1.95449
20144.7	1.79011
20304.5	1.7463
20464.4	1.73305
20624.3	1.73255
20784.2	1.73788
20944.1	1.75372
21103.9	1.795
21263.8	1.84969
21423.7	1.91486
21583.6	1.90664
21743.5	1.80518
21903.3	1.65805
22063.2	1.46716
22223.1	1.32939
22383	1.24227
22542.8	1.22535
22702.7	1.22231
22862.6	1.22387
23022.5	1.23163
23182.4	1.22086
23342.2	1.14685
23502.1	1.03987
23662	0.89999
23821.9	0.799019
23981.8	0.736574
24141.6	0.739874
24301.5	0.807256
24461.4	0.861126
24621.3	0.901248
24781.1	0.896631
24941	0.8385
25100.9	0.814055
25260.8	0.807156
25420.7	0.812515
25580.5	0.843606
25740.4	0.844354
25900.3	0.794142
26060.2	0.725324
26220	0.637781
26379.9	0.564062
26539.8	0.506006
26699.7	0.455654
26859.6	0.41161
27019.4	0.39479
27179.3	0.389158
27339.2	0.393881
27499.1	0.426151
27659	0.432438
27818.8	0.408133
27978.7	0.377206
28138.6	0.338185
28298.5	0.335741
28458.3	0.395194
28618.2	0.472839
28778.1	0.573212
28938	0.598013
29097.9	0.579843
29257.7	0.535637
29417.6	0.439762
29577.5	0.359307
29737.4	0.29944
29897.2	0.286973
30057.1	0.298282
30217	0.301995
30376.9	0.299165
30536.8	0.28845
30696.6	0.24531
30856.5	0.230395
31016.4	0.230949
31176.3	0.235759
31336.2	0.270734
31496	0.298463
31655.9	0.311769
31815.8	0.313567
31975.7	0.301658
32135.5	0.282289
32295.4	0.254538
32455.3	0.232817
32615.2	0.21958
32775.1	0.217546
32934.9	0.228549
33094.8	0.233121
33254.7	0.233068
33414.6	0.233823
33574.5	0.247505
33734.3	0.28043
33894.2	0.344762
34054.1	0.380265
34214	0.390953
34373.8	0.388967
34533.7	0.329834
34693.6	0.267234
34853.5	0.217959
35013.4	0.176625
35173.2	0.145415
35333.1	0.118305
35493	0.0917966
35652.9	0.077171
35812.7	0.071402
35972.6	0.0706234
36132.5	0.0785396
36292.4	0.0823747
36452.3	0.0789649
36612.1	0.0717714
36772	0.0599418
36931.9	0.0486513
37091.8	0.0383422
37251.7	0.0347316
37411.5	0.0354734
37571.4	0.0358432
37731.3	0.0348994
37891.2	0.0327182
38051	0.0282864
38210.9	0.0265005
38370.8	0.0312431
38530.7	0.0339096
38690.6	0.0320754
38850.4	0.0274751
39010.3	0.0177242
39170.2	0.00887852
39330.1	0.00333887
39489.9	0.00154262
39649.8	0.00170168
39809.7	0.00219072
39969.6	0.00641966
40129.5	0.0134964
40289.3	0.0249801
40449.2	0.0305442
40609.1	0.0305087
40769	0.0302096
40928.9	0.0212525
41088.7	0.0110622
41248.6	0.00475105
41408.5	0.00179397
41568.4	0.0010655
41728.2	0.000888932
41888.1	0.00285298
42048	0.00798549
42207.9	0.018319
42367.8	0.0311283
42527.6	0.0481062
42687.5	0.0566782
42847.4	0.0557622
43007.3	0.0532237
43167.2	0.0398163
43327	0.0238026
43486.9	0.0123627
43646.8	0.00488551
43806.7	0.0016059
43966.5	0.000445267
44126.4	0.000139851
44286.3	4.88836e-05
44446.2	0.000234579
44606.1	0.000746763
44765.9	0.0024788
44925.8	0.00677831
45085.7	0.0151833
45245.6	0.0238317
45405.4	0.0308022
45565.3	0.0340574
45725.2	0.0283311
45885.1	0.0193805
46045	0.0109686
46204.8	0.00438427
46364.7	0.00148121
46524.6	0.00040231
46684.5	0.000113644
46844.4	1.47018e-05
47004.2	3.84386e-06
47164.1	2.13748e-07
47324	5.43265e-08
47483.9	1.23598e-09
47643.7	3.11127e-10
47803.6	2.84218e-12