0	653.846
123.092	673.521
246.185	692.487
369.277	711.733
492.37	728.343
615.462	740.199
738.555	745.573
861.647	743.106
984.739	735.493
1107.83	721.055
1230.92	701.119
1354.02	677.765
1477.11	651.738
1600.2	624.578
1723.29	596.655
1846.39	569.015
1969.48	541.663
2092.57	515.052
2215.66	489.079
2338.76	463.804
2461.85	439.189
2584.94	415.169
2708.03	391.852
2831.13	369.283
2954.22	347.67
3077.31	327.265
3200.4	308.221
3323.5	290.883
3446.59	275.219
3569.68	261.417
3692.77	249.266
3815.87	238.627
3938.96	229.239
4062.05	220.69
4185.14	212.804
4308.23	205.12
4431.33	197.597
4554.42	189.931
4677.51	182.169
4800.6	174.224
4923.7	166.159
5046.79	158.027
5169.88	149.868
5292.97	141.774
5416.07	133.763
5539.16	125.91
5662.25	118.231
5785.34	110.784
5908.44	103.587
6031.53	96.6986
6154.62	90.1379
6277.71	83.9698
6400.81	78.2139
6523.9	72.9434
6646.99	68.1651
6770.08	63.9424
6893.18	60.255
7016.27	57.1118
7139.36	54.4666
7262.45	52.2367
7385.55	50.3759
7508.64	48.7332
7631.73	47.29
7754.82	45.9082
7877.92	44.5994
8001.01	43.305
8124.1	42.0437
8247.19	40.8293
8370.29	39.6647
8493.38	38.5733
8616.47	37.5392
8739.56	36.5416
8862.65	35.5594
8985.75	34.5234
9108.84	33.4226
9231.93	32.1769
9355.02	30.7931
9478.12	29.231
9601.21	27.5119
9724.3	25.667
9847.39	23.7213
9970.49	21.7703
10093.6	19.8303
10216.7	18.0193
10339.8	16.3396
10462.9	14.8832
10585.9	13.6414
10709	12.652
10832.1	11.9015
10955.2	11.3606
11078.3	11.0323
11201.4	10.8788
11324.5	10.8126
11447.6	10.825
11570.7	10.8681
11693.8	10.8827
11816.9	10.8879
11940	10.8628
12063.1	10.763
12186.2	10.6316
12309.2	10.4648
12432.3	10.2773
12555.4	10.0674
12678.5	9.83771
12801.6	9.58724
12924.7	9.31057
13047.8	9.01061
13170.9	8.69779
13294	8.37628
13417.1	8.07967
13540.2	7.80886
13663.3	7.59556
13786.4	7.43996
13909.4	7.36352
14032.5	7.32992
14155.6	7.33846
14278.7	7.37551
14401.8	7.38992
14524.9	7.39502
14648	7.37434
14771.1	7.26505
14894.2	7.09204
15017.3	6.85415
15140.4	6.56292
15263.5	6.22096
15386.6	5.86757
15509.6	5.503
15632.7	5.16667
15755.8	4.85668
15878.9	4.58761
16002	4.35722
16125.1	4.14996
16248.2	3.96488
16371.3	3.77297
16494.4	3.57481
16617.5	3.35106
16740.6	3.10296
16863.7	2.83442
16986.8	2.54639
17109.8	2.26422
17232.9	1.98812
17356	1.751
17479.1	1.55244
17602.2	1.41351
17725.3	1.33405
17848.4	1.32933
17971.5	1.37354
18094.6	1.4623
18217.7	1.59536
18340.8	1.74207
18463.9	1.90257
18587	2.04872
18710	2.1806
18833.1	2.27806
18956.2	2.34123
19079.3	2.34715
19202.4	2.31238
19325.5	2.23738
19448.6	2.10323
19571.7	1.93329
19694.8	1.72756
19817.9	1.50809
19941	1.27474
20064.1	1.05344
20187.2	0.844499
20310.3	0.66673
20433.3	0.520775
20556.4	0.411138
20679.5	0.336531
20802.6	0.32318
20925.7	0.326501
21048.8	0.339672
21171.9	0.395777
21295	0.461108
21418.1	0.533603
21541.2	0.602416
21664.3	0.666732
21787.4	0.721632
21910.5	0.766112
22033.5	0.805656
22156.6	0.839926
22279.7	0.878189
22402.8	0.921223
22525.9	0.971497
22649	1.03024
22772.1	1.08889
22895.2	1.14784
23018.3	1.1948
23141.4	1.22996
23264.5	1.23739
23387.6	1.22887
23510.7	1.20898
23633.7	1.16731
23756.8	1.11914
23879.9	1.06636
24003	1.01392
24126.1	0.963242
24249.2	0.911562
24372.3	0.859305
24495.4	0.800833
24618.5	0.735214
24741.6	0.661907
24864.7	0.579781
24987.8	0.495115
25110.9	0.407856
25233.9	0.325999
25357	0.250608
25480.1	0.185828
25603.2	0.132864
25726.3	0.0908614
25849.4	0.0603446
25972.5	0.0379142
26095.6	0.0233688
26218.7	0.0134604
26341.8	0.00768228
26464.9	0.00405591
26588	0.00209351
26711.1	0.00107025
26834.1	0.000492096
26957.2	0.000288701
27080.3	0.00020911
27203.4	0.000199485
27326.5	0.00037495
27449.6	0.000777272
27572.7	0.00151322
27695.8	0.00312867
27818.9	0.0056412
27942	0.010655
28065.1	0.0180769
28188.2	0.0306638
28311.3	0.0487119
28434.4	0.0752429
28557.4	0.111189
28680.5	0.15745
28803.6	0.21543
28926.7	0.280962
29049.8	0.354871
29172.9	0.427474
29296	0.497601
29419.1	0.554576
29542.2	0.597284
29665.3	0.611056
29788.4	0.601576
29911.5	0.577928
30034.6	0.527093
30157.6	0.462573
30280.7	0.389321
30403.8	0.315781
30526.9	0.245712
30650	0.183476
30773.1	0.132068
30896.2	0.0907051
31019.3	0.0603753
31142.4	0.038144
31265.5	0.0234316
31388.6	0.0136406
31511.7	0.00769
31634.8	0.00415041
31757.8	0.00210015
31880.9	0.00108948
32004	0.000503436
32127.1	0.00025366
32250.2	0.00012798
32373.3	9.3262e-05
32496.4	0.000135922
32619.5	0.00024766
32742.6	0.000504242
32865.7	0.00110251
32988.8	0.0020868
33111.9	0.00424603
33235	0.0075996
33358	0.0138382
33481.1	0.0232998
33604.2	0.038401
33727.3	0.0602549
33850.4	0.0908673
33973.5	0.132105
34096.6	0.183306
34219.7	0.246051
34342.8	0.315173
34465.9	0.389922
34589	0.461775
34712.1	0.526332
34835.2	0.57641
34958.2	0.604405
35081.3	0.613113
35204.4	0.595119
35327.5	0.555108
35450.6	0.496976
35573.7	0.428186
35696.8	0.354387
35819.9	0.281294
35943	0.215263
36066.1	0.15739
36189.2	0.111256
36312.3	0.0750103
36435.4	0.0488484
36558.5	0.0304551
36681.5	0.0174108
36804.6	0.0105365